23        DIM0		97	-101
18        DIM0		98	-101
10        DIM0		71	-35
5         DIM0		99	-102
4         DIM0		45	177
4         DIM0		264	-152
4         DIM0		-250	-84
4         DIM0		44	197
4         DIM0		-243	-91
3         DIM0		96	-103
3         DIM0		-215	-133
3         DIM0		7	56
3         DIM2		38	1
3         DIM0		100	-105
3         DIM0		552	395
3         DIM0		46	-98
3         DIM0		20	112
3         DIM0		41	107
3         DIM0		-308	-1
3         DIM0		-135	20
3         DIM0		-182	-191
3         DIM0		103	-96
3         DIM0		50	153
3         DIM2		24	2
3         DIM0		-12	14
2         DIM0		78	57
2         DIM0		-31	-5
2         DIM0		-251	-69
2         DIM0		144	-89
2         DIM0		100	-102
2         DIM0		100	-103
2         DIM0		-105	-52
2         DIM0		-219	-105
2         DIM0		-494	-73
2         DIM0		25	21
2         DIM0		103	-97
2         DIM0		61	582
2         DIM0		101	-105
2         DIM0		-57	-124
2         DIM0		98	75
2         DIM0		101	-103
2         DIM0		17	23
2         DIM0		17	26
2         DIM0		-13	19
2         DIM0		-13	14
2         DIM0		76	77
2         DIM0		-236	-130
2         DIM0		-12	20
2         DIM0		-211	-108
2         DIM0		-110	-6
2         DIM0		-135	-62
2         DIM0		-12	19
2         DIM0		54	101
2         DIM0		102	-95
1         DIM0		78	60
1         DIM0		-17	23
1         DIM0		109	-92
1         DIM0		23	-43
1         DIM0		109	-91
1         DIM0		-69	-81
1         DIM0		110	-92
1         DIM0		-11	20
1         DIM0		110	-91
1         DIM0		-239	-133
1         DIM0		-11	22
1         DIM0		-11	23
1         DIM0		15	-40
1         DIM0		548	397
1         DIM0		-11	25
1         DIM0		98	-102
1         DIM0		50	31
1         DIM0		85	-22
1         DIM0		-11	15
1         DIM0		7	46
1         DIM0		36	106
1         DIM0		-11	18
1         DIM0		43	54
1         DIM0		-30	14
1         DIM0		81	-18
1         DIM0		-116	0
1         DIM0		81	-19
1         DIM0		8	24
1         DIM0		62	65
1         DIM0		-22	19
1         DIM0		-22	17
1         DIM0		81	-20
1         DIM0		-10	23
1         DIM0		7	24
1         DIM0		-32	-7
1         DIM0		-66	-79
1         DIM0		94	-93
1         DIM0		-27	-19
1         DIM0		100	-104
1         DIM0		108	-99
1         DIM0		-10	12
1         DIM0		99	-97
1         DIM0		5	90
1         DIM0		119	92
1         DIM0		-10	15
1         DIM0		66	570
1         DIM0		111	-94
1         DIM0		81	36
1         DIM0		111	-91
1         DIM0		-15	19
1         DIM0		63	69
1         DIM0		-239	-100
1         DIM0		67	-74
1         DIM0		82	-21
1         DIM0		-133	17
1         DIM0		-15	21
1         DIM0		58	69
1         DIM0		-110	0
1         DIM0		-66	431
1         DIM0		-249	-107
1         DIM0		95	-93
1         DIM0		-33	7
1         DIM0		59	-27
1         DIM0		70	58
1         DIM0		-54	-29
1         DIM0		75	64
1         DIM0		-7	55
1         DIM0		64	-32
1         DIM0		76	37
1         DIM0		22	107
1         DIM0		-2	41
1         DIM0		79	-20
1         DIM0		72	-35
1         DIM0		18	25
1         DIM0		70	67
1         DIM0		-112	13
1         DIM0		70	62
1         DIM0		-14	15
1         DIM0		75	76
1         DIM0		57	69
1         DIM0		95	-101
1         DIM0		-14	20
1         DIM0		110	-101
1         DIM0		35	30
1         DIM0		-257	-111
1         DIM0		103	-95
1         DIM0		103	-98
1         DIM0		546	397
1         DIM0		103	-94
1         DIM0		-19	21
1         DIM0		99	-103
1         DIM0		83	-22
1         DIM0		61	578
1         DIM0		-114	-1
1         DIM0		-13	20
1         DIM0		101	-102
1         DIM0		88	-38
1         DIM0		96	-97
1         DIM0		-108	-2
1         DIM0		44	0
1         DIM0		-9	22
1         DIM0		96	-93
1         DIM0		76	69
1         DIM0		83	-18
1         DIM0		-8	57
1         DIM0		-9	25
1         DIM0		68	-85
1         DIM0		39	54
1         DIM0		17	24
1         DIM0		-13	18
1         DIM0		88	68
1         DIM0		-13	13
1         DIM0		71	60
1         DIM0		21	91
1         DIM0		16	41
1         DIM0		-11	64
1         DIM0		9	50
1         DIM0		71	71
1         DIM0		-26	-59
1         DIM0		-24	16
1         DIM0		-18	22
1         DIM0		-24	19
1         DIM0		97	-93
1         DIM0		89	59
1         DIM0		-12	21
1         DIM0		-12	23
1         DIM0		-73	-109
1         DIM0		103	-106
1         DIM0		-12	18
1         DIM0		-60	-82
1         DIM0		8	69
1         DIM0		94	-102
1         DIM0		-17	24
1         DIM0		-12	13
1         DIM0		-108	18
1         DIM0		383	431
1         DIM0		102	-98
1         DIM0		-2	34
1         DIM0		83	72
